id: 1072248785
849948
11
98589
642246
962269
24142
301103
55255
48684
1390931
64746
99899
3773
total: 4541596

/* ========================= NON-Palindrome results ===================== */
581894952960
575556
594764
251048006784
537464
688526
784428
288753
281693293648
519005
547153
730955
256970425310
608358
1254769
1271206
199635063938
1586858
647549
38672
248336435348
1069352
249385740261
715889
1540172
110133
23897530318
1574248
775988177760
699031
126927
25520848890
789410889752
270912
288097
217508
246535
80943759747
111252
538830
1338154
414176
540338
1337863
176649
825087
666322706600
169727439640
524542
846563
149422
22903660890
331289
938206
120752
533867
504873
26598
724082
387136
13326522537
445120
602265513254
702393
1107259
105968364580
1018340
627927
273269297444
302253
620823
521443
257019
155629216083
1411566
522226851279
1122128
93481
362515
1104836
597074
100051
97256009700
561534608485
1023811
1644762
116250
258343
18818680116
1010753
294827
1032942
251375
1346755
257093
527264469095
929725
871242164240
1158038
1129183
370767
69313999885
1508971
529424
814168
387369
431491416544
1529002
192914306640
1537233
552631
425117
68567
1025491
54838192425
1060685
294728644128
1622378
1557975
471386148993
286563
210059
586678
557171598816
249253176352
1281720
657675371556
584420
483692
346691348750
379184882522
1816603
220254
1923552
759193
475555
398122
1078123
1169613
387930327630
714570023104
122083
606709
14578989876
138329
949593
438068
105095
43921
61825397710
67230557982
11814465278
434228
203295
694750
50898897682
669866
372554
301959
107862
309005601790
622496
654827
50812620410
61747
3149869960
1167181
467439640744
196464309542
1426708
430373263008
550059
591862
237808
447402
947355
38973727476
1334100
1412743
449828727936
838674
555333
891139
164970158670
142014175016
562080
1521337
161444
649099
607963
59793
864749
36933
1477148
148694
58744398150
105516861318
1221428
1428261
987758
96440789984
1834797
493418178532
702134
111543896970
1489264
746318
31428176310
414873
433951
20031
529484
882058
971546
1261642
98158
1773669
1049827
173058751264
812456670110
115050862080
1328110
389689
222541499700
345942
1446325
1252224
807138
51999
350132009202
656515
19467181683
26379687900
348107
222095921528
8268913422
930141
259628
321887
169502785785
665559
760073317003
145560
231625478691
1616557
212184714192
123009
311412
696455
205863
1092747
352935
28667
242923
438841
405765
458350157430
256757899311
664637305784
686221
34927438308
786912
105804
129481
154349103042
540700
712194406916
237710191456
421619
343295
80433465814
1758382
213662
178832919520
276329563695
607036224015
92742
1288014
713491
79126
743025286190
1020134
438929
317237
741276
42040
646519871186
560491542614
205856
429854
1409955
201549
1277248
781879
944253
799360
861532
1619893
132417
71437858128
544335
87840117994
18656803136
599494
176750045460
863878
184365894720
1167689
577920
491425159785
413340115500
285534
424444
312058
122477
311733
548077
925628
70453
52251
259381
719754
484465
1376379
1202200
207332478756
85413
15320
1155697
961191
1637
543267
861851
674096
970230
1216915
885382
23574982757
552532621406
147059
198931
912499
1764194
142171074489
613583056278
34731222580
815425206000
22035761835
148361959244
381226509534
783097
54961263720
676867
3381
1227244
620340811882
83977
63723300480
150686
662323685088
602056
456689094642
325401980772
35538
389323338549
387942957938
151719404375
675238
10393120024
412373
1161102
111328591241
145094
615237
191094
24403
218390048450
490777
616373732195
1468173
903534736393
43036
740812
1816971
756386
26787
376610
1567043
1114267
125675
1347788
1113328
317801
34235
356350
1464721
510526
490810
469844
165973
256599
43725116025
2477293910
266774634000
309322
462386850003
243273
79934
335087
135924612582
208348427340
21018273100
182233078209
133229235768
109407
498402455970
185564
398551424388
415035
270183
111256
587578
377647632228
675949
1550316
50755
1073308
851309
49127524227
581461
266894
931620
322557
207391
146789479326
778359
28063
1165551
278719
816660
1385834
316514163680
484633
55665
837451
723261
797339
241013634940
946001
57992
692416
571008
560110
315902
937486
1314160
240305
141847213272
183162
177579624608
505811
49843709160
420995307507
210962
223082
232201
18204252248
616326
1195162
506710
96975825716
83901
691263
47123427474
38755461888
301056
1177364
32986
694117191240
95673
74626659735
1178300
197354473062
257648
11803170225
957664
765968
336759
28712
1136287
144787
127450214100
1816363
672095
121092083080
207971
1694423
774802
559145
336259
572184
338566729746
791571
285855
560714
174045
880219
364944
35415
567377
874859
480054335653
247209
84493
1203285
421193550300
520779962688
4069
434009
1188103
524167
40381341687
248972441711
291575
1179392
106039225
1043474
179359
92508
270464412375
1060492
458483
55139881191
272094199575
45901539616
586363647870
1025938
192926917757
293499
776027259414
2104041672
379313653992
44342411175
969822
168743028256
288171
254497547790
1188274
1187400
354568535764
26350
599075126848
427041011040
53681
1655828
78804843168
720696
968398
659221
1544738
547570
805071853404
94070
909937
486506
170191
1649201
469527
3168
125317208438
494429
277729837800
483443
45676
1036749
390793340065
249374
696582073525
4544673588
1257565
429556755295
143659
382667017040
1737780912
893111
536527
400427
269139
1723877
589519045434
133067
920922
9214
14452612704
987625
819206
566626
63563
151293187290
964140
1670057
268610
621904
276535887669
539111
1501390
73649579940
322624760730
1645116
793776
210127
487700950919
335460
432041961340
313487
364459
409638
1142721
231945
390121230430
41867297056
180238
848146
839055
330774
6023
221833899148
491919
9579
326172
192864282510
380303459025
1448582
86539
343604826768
280539
19027572336
122686
961225
563518
665966
1265183
27363386215
87613686480
930450
464410
68928148880
915923
1415112
814556754864
1290593
381030
59559187204
357689435868
371874953595
537881738340
1395530
377859971016
373865
227331860733
189782251211
827856
591407644107
28033
196894163634
458277
81538
355964
1157424
557220
1438075
103454
1390905
270477
923126024236
1273356
1319656
21414
495561100064
666279
468148
1146953
1158255
4579411140
809095
177149174610
262388
330329
1766446
104271418960
188540083567
598086
22779814122
90024
731162
1439354
1095339
1661608
1216526
16171306680
278499
179732399910
312936
553021
1102834
202916
1335581
2944854575
485205900624
782607301200
87533581260
662720
20506
1007155
362958418596
614337859248
534635
13255
628905
313906
126164
765748
301036
239848744832
83491086892
47911977660
1184944
41429903956
20912181129
319246202334
40277167416
668274
51988262764
1488454
280072
366019
38449
451017901953
1396160
395678
168564093914
230344
443265094742
774927166684
109404022112
318703196740
94612
745400
829009
630599
23552940866
275028446080
103060447218
311081
738889
967616
953660
100681768190
333116
241972593720
1286343
581897
543615
238799198115
770849
51995013024
20101
1589439
665103
419801
214074584496
433504
118077
327736
53171
915643
512412536551
664492859352
1144838
526597
902222
51731809950
166469
271739
63131
107531
164306
656835
82222
1284665
515744
1494070
1003768
1585867
143761052420
1364814
71587704820
1458786
513628
1199820
251717618472
143064
58493
584074
1809768
700184543760
318699
93416636208
298610116026
1051804
102795727720
799339
20927883810
449631
15232291080
166356
115004613165
40952245464
1078395
327474037968
168688
255484182480
702587
384739
75160695533
41995903875
21750
296854
24785741808
649090
1588562
254948
479001
194787265750
293365
54143
1404922
774235
25596
110290164192
718652074490
301927
345520
29387272689
73699126776
842209
243463
638236323781
1792122
1520910
165902
339980215850
474363
847260
66872541930
105586451750
9959352514
537909656636
659099
938420
1140385
1045051
93931900608
280623
89926723796
350560
24456843312
171079
56054470628
617806
372740
225687191428
555752
128714128032
167362
1358215
57849
31947
542932
1340930
638375929132
783104
579384
746530
463725300192
589370597656
96562140932
598443
106483279032
731643740586
29250
411977759514
26382243698
38550616338
380183034308
135425742498
519119
795381
137385
492032
251395
63511948883
1232973
1563745
224597787285
63057529990
1567494
557355922213
348107002980
795974
50217987936
305494
1324592
50698490820
459852
1350002
778776
3862
351177
340415
458114428600
111462
1024302
453533
1903657
14385490066
352369
31012491239
31231
412048
605247018936
9393
926421
172983
387256681613
74731024602
463446
98074470375
1150477
141939891582
930740
256637
368277
926613
9274
293941540266
588860
287717890416
273681
1484077
136229625114
33883000260
341893646610
920967
456967
238162696222
214256899760
8974401597
262614
46766
159749
66889
33489901500
1440124920
1095442
724215
1217582
1348135
273598756990
257915
396687606322
556114504864
746958
421576350585
41625660864
134266
704274
511849
384085
16135064650
204829083914
91556182302
94387287200
395554576775
25779909182
153943876098
1218237
101591
60129452480
1701937
1248052
178232462840
702262
661292932846
306754112910
345557
14660
1770003
857668
133870
1300045
51986
2000
172745655496
688125377358
1588158
1087247
28150345410
176879
87774
589729
743780
490086
356962
246314429615
584473
19064099655
493063
48001435110
19842249861
69077973120
5274105210
599104
1935150
226528159389
1000804
125533
479717
31199378792
285236
1259087
2475132416
1052120
272990459644
1475184
157441
524581616965
10406674971
37873362736
838761
59213
569613
753583191816
253125
379918
1180701
11121
213333675040
21175517838
899224525851
22895786560
1148537
380239
591940
776959
1333394
393062
83614
639947
839116
462029968140
1603243
144480856464
113967
368667
398495
1000623
86248492051
1221676
314894578
331579
247249
89184928496
1369343
64501
243670381156
778158
251920092708
1611612
249133987662
357919
1442
38238259077
40799
1306697
124886
331900362553
270963
65360
175975881665
1152175
86776573275
556300
445076
761261
5363944777
1344111
627009478825
1378704
569432
539461
493568
379143
115074
189100871280
151149
893174
1942527
1689366
179629557241
428116
344096
188466
804117
247399
414466
90680358514
54224966385
361194315586
251771798400
1183443
127444
73199941152
758133
61036
325440
1036735
47227034226
671742
92978
333650118087
29437803252
83869
216666
206415
423963
9985
1023576
90162739810
102405
419973
1582364
678490
211964
604310878200
433031211146
467482
1423222
1654165
265836
394941643780
232913827698
549155450712
112488
730131
128728
10846111775
1420842
1568392549
39968
826316
289331227280
1339548
122765739520
734080
565361
436835
461519
972793
1064183
1370281668
51624892814
128408911120
1040555
366387090400
668976
181092693786
487973502475
866155
135883040436
996342
574865
342802
315564
67088562166
195108
277811526666
445719
1010024
496545
987002
886502
4687756304
1506022
589286
30230
393099
381362
320432
316767310794
625221
972345
466968
244830
340130
71961950172
44814096470
1017966
236006075700
260700
952483
614469
785689
147091
384199
1628610
146169782066
439624117404
25978969010
94813694886
785889
1273169
31132980160
637466
1576580
20904
29383
92749
125037065493
26235661260
543712521464
9510651885
6900907251
1610014
203119
191673
559409
1935792
38858238168
1540172
281511009546
695072259651
515478
328842
23013536595
805983
1770422
184454045781
1183025
77219
605971
1741429
1004075
1241516
23783128107
81952209936
54031256250
556419
207389
446029340800
337427898140
419478
140566459352
822639
663135
536183
917756
145144
53693492619
311114
1208886
1717167
68912421096
75418
296563149300
17792
765218
1203150
1071613
197841946065
446321610144
401511
314129
492042
24825271386
144471571064
292529115329
664649011128
1122705
778148
431141
1840284
423987
22573736307
55209
84835395740
123489
152418800872
505367
318673
384987
909681
24119
550909
201527541112
415759
11270893482
901090
273493
522051
373787800200
28180824000
69084
516138
155372867280
602990139615
1273276
338084
155010043980
301623
713969
477618
1189812
1006003
16457
317174
801926197632
270340069229
600286
45855719710
63194004738
13688
243842
288610
236613
318696
776169
747854
479175329013
18254
77475800544
342942899250
289577
427375
325737206575
3520
1698502
957724
46588437528
944031
160325029360
5079879343
218104
817457
670429
630936
911917
439406
141082
105744
193498518290
1549624
133287
901122
741737
1091455
939174
432568556112
339078607090
822917
323209
1455936
209319162596
367779
886052
335625
143173
1354914
425477647900
175429157910
140729302410
102992435874
302976312740
452735309625
260459589810
78682
42138259680
412894
1059089
35723862054
608421
388421
536489219240
373209669434
166680116484
268706144139
95750
1214648
1410348
78787834500
254259
1303356
572164
397218
40908
38506
475169
1393480
328611915386
1100703
1142581
922773
42143
282064
163468713568
96212330501
1425540
230383858188
134497
280711604
1474735
245462
650145
96278724882
192208
310143
661587
160346
1317085
254805291204
810356
359365
101686573635
244302
304389
1309639
1192943
131526806780
240084418239
179353549308
165718
318300
288870
784322501256
1580771
199432565950
655138213929
546414
73345029228
1222618
88611
52548
1455270
127730
31527506502
417201
506160559008
885242
790238004478
438050
1057353
150588317640
38923717860
347858335124
861930
16267534836
544756
1290570
1279440
753507
306910323972
237993260667
113279991748
18046804968
1528387
1086381
424936
365529
643376
1095771
13212420060
562865095764
832863
1302208
571431
77937639152
87269209881
385466
155094860446
982261
810844
316811555977
447191169942
412348
596370
467613523356
83659913608
65829761252
549144037526
120815417646
122624962204
593442
203352
1442430
58272
634470
569827341000
17558
246990348060
1078995
621167652612
283889115400
655367701152
1197004
610676716352
358117
50008047552
23645246940
758005296915
846305
330425
305415
812408
10838
419427
358735
477692
596881
222567680126
1441296
494745
791151
1579081
872346
1097367
1596594
599042
38545686327
292149
361321
623464360050
741770
701132
104581313040
260283
1037764
71751
346729517856
440668
839935
1005047
426935
682659
72055021368
563290986504
139506
496482
1839828
181367
669709258971
548964
389701897572
167200450527
95039
271604751318
489844
1060545
34173381723
241894962786
1110686
323183
643752
503309
454992709916
1014492
285999
1378704
320649
65056582816
1812668
256496
372811
222948053083
289574
792301
578919
438657
265076
207236
807704
359830
106642
981434
372843
9971163090
203469586720
1100247
1276398
215718026148
1162379
72541954
543388
28545
376674
276788
50544636802
173903615160
431140058240
540092
239942511718
679791
1314228
641194
641303242775
329201
95376881052
1094906
1435453
342059
1085504
169393326150
156174577188
537422
864534
231353672452
31953400210
239040
879670602681
404173
481920
858024
1367992
463140
514800
65201
468646
799486
254354
83444124007
1355777
57145
248564
898010
661701
289262
127882
963646
107558412324
46209256373
695382
422897
180239498480
772465
1917269
56913
1128622
459881919000
346227
840078
24564960640
231328074848
490441
1065314
105521361510
331964
52290545888
167609276192
272619
888971
404589
1267173
419902794640
180150694945
311567167400
27986546280
933647
470161
644205
514209
759308
794993
106755170609
41344705290
100000
489796
1092872
318777280092
419896388298
98870
1225013
528235
830515
1526825376
72201
203936
80295319060
665057
1088984
290145933952
492832
26702099472
197983
532064
491938
954059
84958561904
191897
368212
701276
1382769
401957
16783567840
304104161889
31558562418
86994338917
380908115088
525527
337725284832
325182
961999
227155
10074883140
667591853190
837940
989672
46209327489
1156731
151424
922655045026
290029528280
175415
382791878112
1129788
836212
1248128
222135695368
97635673632
94732584984
618495
905521
1041423
389010686592
125470378539
89643073324
1285295
329594
80933796810
575122
10392
546094
214130
1125677
1366507
433088
262475
1732299
151580267124
291466597016
216336
136378389009
115359
109624
1198116
1317639
72414797816
238006436886
475796
395812752861
433651
25881
36618516792
119158074765
54290282514
1577644
736058
74142
35483
98114
271887
48342
127365660198
639983020930
396183
1721586
997864
800269
1210316
310974
694101279395
288978
1359999
821247280212
649432
685275
62949756606
1826166
23483
117174806706
1184041
415609421669
214213
26074965798
1491495
34904
39309
709193
222062
652973
324606
1386578
8406962192
181469
77255
208574200590
216090
407832419325
96591
576646280100
685236
588022
79719
386677
196320461029
32370999808
922597
865055
904934
1802446
541703519040
425996
342476387152
203830646705
436208
140369752757
1844884
804380584194
558394
780880
153126
1321511
83780378284
872689
669252
78167930503
964370
677555
400477
50518
56146
939373
265236
13555
371214
597394736380
504855513734
5075
1403670
377052
249285
1049131
235650
631110
1465381
237512648880
1018018
1250795
518152
950094
140049
1319804
606088
299544
42575920197
34449876216
1160680
268168
8085
1701005
134594
337705947992
904286
1102293
31236
240928699776
1780154
989866
486259
359465
1055283
1133784
105750
226825
188384076144
1009792
1145727
899696
520013833306
511550341510
435082253920
55462131000
150654703913
1403890
603704
409740
505753
122824577520
962715
154569
1398624
824221
965305
1027694
1236158
343162
1078068
1124467
422997
582640
270006
3589
58569
1763212
496061
157259594364
93388
668218
252681
474830
221998416364
61711901648
433065
187162616614
406299
253786727628
188069674000
907253105148
126500985364
286430
80521
196019776062
209586
325320614520
747549529760
1372118
921148
518804
1062334
333335
10850517948
252049
83633608928
452963629350
1611234
1392423
294441366090
828873
419848602472
232739
260349151720
240180
102473
118582746182
164273
330708
59748406012
139234
1570031
3202032780
109347
388532
435934
156385
661114610517
731163
308424566538
18733208544
1151362
81511
997320
464568872368
609458
212322681312
827067
1335437
772376843511
988983
80774130258
669624
86034018584
539968407016
1100886
974071
113135374359
1430721
244164
57257
487018
13512059764
259965
1300565
190914
922046
1382692
496589
68796976920
704995310840
48424
191813
1791635
138077
365118
462124
675619873838
121284383538
773421
616010
439343
224517597258
347324
597087
153095598740
818567
485106435275
39200293312
508234884785
1259482
335946
389623
72253
677075556440
895168
475469
594488
1905229
70523
348710
15514
91318992640
98358108136
263498
1520022
1155316
882459062705
307954350340
272388007136
164266
277658
609754
501305
337473
810246
120631
645053395498
41240470656
773541
1160027
75042419490
127271
558456606
219166
1077867
1371647
562343
97389
369812
1418922
396516
795094
1742088
18439714360
390375
824701
630721525770
61413923585
910467
577323
909623
312074
1115221
1552921
998525
9997
838645
53811517062
527233
54277
91693296640
822946723200
22211733330
1122691
518095
15176
204982280822
941473
1606639
796529794056
1590708
570889
200151910350
640558
4262026360
422043026052
723367
38989
1398918
432530
511005
246466
1094233
1191846
76782569144
948434
1643226
140672
504772336640
693339258183
841592
225186520846
452530761965
51793
461167224560
1125065
498636
529349
865779
81663
100534549052
299315
384539
906660
1048574
107694956250
455532088707
845149
222722
109651
1348847
787056
576198
105815230587
197823
465050937924
76804203264
2682542775
25277
744498
1197260
569850
201935
654258
10913
800877
1054014
236121651628
309970300032
1112477
533470
1460964
664407
218526677863
408905
151084396058
81827783278
1006598
493761
213779350980
208425647962
261838240950
1458782
620958
25240
85192328592
413921
594178
1549278
553317
587057
254451116750
101588
510689
1427927
88215969050
71721523017
1453022
945933
28996071577
1827781
443772942510
165044241964
966595
458112
472077375
1398082
732305314779
208290675825
283001
257918
177726
1642288
371068392492
282743
951127
1182021
248474
191008646388
409081563900
1076212
770363
102815961545
211628
615875
79100
324359
202544
263564
88861
489234
633811400844
396853
1057747
3960
377165471320
1879683
1242948
23116838490
92449558767
1078935
690226
281819
72116
296370
979628
91393179290
838521
1517562
85763
588108
238727423161
321721
1692390
137430705290
827757
90130856650
817043
200010
158100603750
217722669761
1501916
514346
852353
1656047
1559339
449081
1236769
51583147404
731284
102083165154
40541
936848
1419921
107670
84806345652
569404
386848
368454983616
1016004
820004875392
454479
325428
1580417
303052180596
43816305858
108131953078
493035
181141325146
278979006096
776849
167451
453511
152682864556
747276189414
376751728182
335340382904
748546
1177895
439533
1264143
134393
1325602
412004269590
133820
291597
766860
554037021350
835828
175511
56640585120
655502987455
725334
850781
231135323320
706060
60100179228
288355601324
38338
555600
66781489569
1447834
1583861
7680761543
46492
242468
452648
847143
130817909418
308080822611
630719
38918
586225
451536036246
1653735
490441
15862381296
452348
1319010
1085840
555838908664
595454
147916027864
1096010
50960
480115
680200343843
559562301444
355403337903
284504161372
1356642
432422
717078
532469
3980614518
316654
708677412729
641355
646672
262358219854
43370738300
607708
101736
529968
178108795032
791709
625667
886722
279639
564782
97649510034
1403372
232987056052
450011
567609
202819574144
1405168
515223666188
27394481842
223988
275416
191631
473930
145510
352348
212171
425569020048
70943088020
295472123160
159156032112
1475440
135372
1194069
198398931891
387842882370
190171041116
234146638184
39135844950
377996
251489081151
1663554
558918
335341751949
1057590
47046578055
684055
136334865711
148199340016
1678164
201526
199763
1448943
1082890
917153
92991200835
219739438400
83411696212
856058
54023714150
829901
677649
572219
265437
30008674638
460832
1789832
571623
100007
1375
133128011160
656755
1280773
892870
91613557990
987260
72936
1669833
336650818626
627173
932695
142195
1114870
606196
205732893240
10913777000
61305
906703
1351087
1021380
1756872
786543
594255049036
12075946176
78995382018
331872
517140
443832
1122093
368676
179115
871816
435819482290
13311501804
814337
1828841
254834726409
442603140381
117036
93568840120
214019024112
990943
411343
1606289
994066
1212425
512477662552
987030
393467
279813
600078
742948
73950720354
355164
230879459748
329022664320
423283
305571
283171
144743094674
241656
15832
103463086928
1494776
504090557604
116757
357845047310
255969
485893
1395131
248433
261951
305150769280
269986
107609530914
3290235492
20619
9141
1433586
11369061586
288385
450750995058
61950900018
855576
598981
1023741
351170283330
711879
183597
308412752144
537181
728798
156482
369342895782
160325700590
39396
806741
1847025
195204
71548
15148
430611
99100178155
535119778080
11126077080
23364568711
595174
29685908846
792081
314671
21769
292329
743396
138240
865559
904759
384721
1784774
493762
641840201613
1140274
340776566620
83974
542466
197190
1843041
485773
615104243568
121072880323
217890
6351073860
424581
142046764000
195380641176
488999
1206209
81229
27089369716
1007055
675776322207
17005791984
116327000880
110780
707652153292
423778337664
121877305773
127488
1222329
180745211190
337374
763971
1126825
659277
210080219580
72725388448
3268
989532
457475215528
556357
1798343
222313418262
613869
1148612
375079
686721077424
1192510
326580609860
1283054
276942
803411
480733344000
480150337345
478047
243258431640
83745480170
72727830945
663071
399918
62248980752
1051477
1719341
85215446577
170098
225305046630
57311602368
394014832540
132983
127625
71676851200
638583
599122168854
194195
323919064620
1212252
159090
510521
1231458
820582
49446
851519197905
924042
73922667672
507620
873920
456100941456
629917695770
741376
86772
783262
1297791
48241211490
145982547888
1381885
147506
1214561
426662
1325584
107384895816
432338
164076
366457
1412401
70413
746152
910289
585915
979922
11493693474
516395
43304365797
54587
57656
559624250318
859868
992330
38343078592
103562
594052267944
1195839
800569735410
1466925
31049
357490108985
305637
344896226298
68525294589
133298631738
486913643568
475530
620772127902
253169
1413311
106938
310237914177
67422
184476
40286596854
685450830870
246483
71054414786
1116333
1533593
944590
103100599913
1822164
670414
49040
1212370
598311436333
181727
108853
333619885436
130598
25282
621239
515284890531
196034
917855
37578968384
960482
318406994872
589765
1121837
848695
1396282
185578041494
40089037636
525027
1194434
331997
1729880
365288704797
1130273
1334630
21976275615
448665
1439172
318175
1643578
644356
543427
1133376
634412
97269
325693
929011
133293159234
26261
873988
1046864
584181
1127092
50256356760
1064473
1061026
1155128
195804
36642
145223110136
146688464000
325823
126265
199470
1298567
124050
448461
36182944000
278081
72111027807
207574762824
268985
927453
15028199550
673874050569
239252117610
341447857625
15657849520
527377
1360737
1147873
1412524
323940
453751149938
854982496368
1499657
11250
27948247616
368809
1286404
375890
667580
1572756
854606640030
45135715725
615923246880
1296726
649043
138541
1244834
629979
1961373
1463297
1323939
92717495169
288444
1202294
64816
657102
945812
98514974724
818497
351424
43675983361
282898903358
1084303
672784602912
28156
1471983
104587181937
77493
1124192
229756124577
254024861272
199240605936
74003519672
484468600510
1419524
510023766894
93208633597
235024602276
1000972
370430
1069850
168669
156686458068
972996
292946
366784
71240309161
1156588
184347
228630312444
179442171376
79464670596
1095674
598685454768
313624
1114566
17558443584
18426061005
367053
489676
126202
1595848
223603742100
1415227
15595051116
292186565312
330298
485765
664566
74111470608
418700
273624186398
142913
862521
24496
463880
215292
1845002
624976650158
225414931420
1537094
100623
164009
47417640525
386975579237
449052
257635570004
197448981080
207074659785
131278
451630
784020
32033
61256
793207
279994610545
1734548
623520
40273622844
1065852
818800
821998
389377
1471753
1593061
556999504020
128180222610
401432687700
5533778767
558480
193189263883
103163
167029
308630
196684
1118609
453533785915
1672147
423817005222
779158
521117
767185
791877
749924
439961691960
258171
76208610842
60285207360
63232259200
408026
232227097064
569839302948
780610
193438845720
1520346
1070951
307779
379968641199
124323
102066787632
100705963050
64390
15625
1702116
139270323716
346462
887119728
499760
202027
447847745598
722010
296604054015
194808740175
74115468862
239871254168
860844919726
289968
97961
171944365877
1456583
1362206
527514
172051
387046
125288
381803
1802015
435876764631
2997
18237432136
610235
723519
596114
97115905835
432602
39532232145
62059857472
428573
701476
1566943
209117
579978
195916
827342
1200957
709732
483019082992
625801
27026543944
191185988992
165489214255
185783879878
158332
21305346684
357609
652324414896
366921
911201
498805762889
92846
125070
503590
733083
259300
208064
1899851
16519273512
21647
666234768244
332696
38167
29052952350
1362535
150890977980
391336529100
243735570
894122
617625
406429
253079
74488
401766680205
280303
444716
176975
1194878
133922804132
1177782
235604
416445
68307410682
760298
276366356357
984384
1191267
140192910121
206845717638
1501888
3075321730
106941375710
1392491
759705
697365295809
786119
440984090202
12985092046
350062
39516349854
162552
9965
170269
672754
397538
279136995200
203333
1916666136
104293
1069245
141160239234
575716
493642180656
1616169
1272716
352479
344425
333941202872
108236
264052599825
73568
465350522406
1575233487
1248907
188386
192315459934
945773
334108
165240600156
7208318732
3190638825
1709030
1103296
1154687
170497283880
619065
1305278
208623106168
488537
255935
85716298823
678960835425
1440165
9899645267
819209
887593
243444043975
210238866536
776147778459
132263496844
680419
658937
858369
678534
1081694
121717033722
73629
1345998
1205494
759015
943869710124
147172
287829
104384
1420624
481680
687167
677337
105484144914
1079942
1170029
480875
461678
289287197691
336015
937189
234139587034
528550
153171
300565683720
414366682851
1039347
114206
518663
34958596431
120063
306770
402075
936680
346770
386390
21258523440
569138167827
276158
417529
88584
105851833605
258392
406876299599
96048087000
279316
665728490250
628662
382680607984
1149406
336266720826
895445
67360940049
544829
1754839
1538836
192841758486
1184040
919394
158233
381961
7376770775
368744206880
358103
662445
1918836
874515
139604
42944
76066641460
30476070246
128968
127371412548
609813
161653
119017983600
925357
196679
229785132239
148606
361680
1633199
18189309480
134968
12911
231084253582
237639
1186525
759532
146034436560
157004257470
138635
126896
104322010416
773362
156138
909615
307548
218421
6049369260
546825
1712417
699001
66368826160
517837
108173894564
1736087
577443410180
172731
41683151640
118492754040
4887
352126
79637
118434206450
943782622029
307442
520616
750824546304
130832951813
265886636944
59368904500
374499815142
709299
1247320
350969
1094389
593161
46725
341208
197559
1337330
666996
344755
48123717536
372170775299
233318
110282644164
90076647892
461245889168
137129284366
156747699174
618712
421914730790
350955
1441867
1686769
688900
645707
697095
1038501
97095969375
1342885
311558
111418
66778
597727
946064
1186089
386823
1003238
360586
921851
761756
818066
1584600
131900
102023509530
1063251
827193
700601
1224198
433565769798
58128949278
890349
3243
628554748050
137844204072
55269
952928
736337528580
3950747760
1279417
30422007054
1675422
85259652860
578143
214606
1391833
543812023880
929657
499627
754309537038
181761
562435
553072
1054370
15572841472
76059321930
282168
954257
836027
545957
668670
345701
83468
82606
910068
1235104
389709068220
910412807120
309371150512
60933
487384
1015880
890356
509609
1066090
10223858520
1231974
357136255442
16223068032
526844
262383
1061471
426845777256
679014
936636
134293243198
860950
740460558530
605986
255379391956
349221830958
891509340732
49577992464
269171
252948193490
742399
7057323252
976988
9478
1020089
204589
330158
164837
787500
476337
721180
284558
666867
342795
1209509
273968
511422
884982227772
1162781
258859
39403451871
135978731812
867646
181832
784908729706
454075520184
448988286648
1503506
652129686740
613536
4644607565
256302293930
1146558
121123909160
1161064
408497
445851
552279
313195
493874
183478
269510
232762588713
302922356196
614058
63496862169
375213
519650
5632
363760792703
32614831858
1076176
1330646
226239349198
41882579652
783713
1338176
1450204
43913104040
1115244
97516380444
435539
95972303880
139344
186196030232
83069159108
83584
701719995360
324226
348437316480
148354
303189590656
644607814537
1102049
415983
517541621418
1127645
738447
158243581040
42085263898
543010
444860
576621524666
214675
117330
183406
533157533615
370808738550
607754
1329885
47599
1049736
722736
1700189
1852918
1716288905
17360
316378
224549
453394
490117795560
964088
205912
1028205
58271140730
258938241534
72736
463796
319360367619
414316
217030
1080226
509184280420
995979
448770
58153202100
490355195737
18409447836
137848
193083
959257
615646
818010798165
639651
1446296
1365725
1247122
321020
510905626572
208368
21749
135788
1434445
69479487968
145705626720
155922376226
1014047
1255204
267937946200
782446
829509
607645
387363570220
712014
185747434761
737644
889662
1278070
298358265424
112639996960
171913428394
1232353
932446
1078872
808499
615563820900
370772833530
428577809022
366325
325135025930
1056131
486723
22130947510
579362
864645
1620779
780366
838325
8295026613
56518
427801
72268
205475
565812
911372
788658
479761541626
47097590715
736751
99017
102520604070
311168
137190
38761
800785
1415402
247687
50506
935624329036
1938633
51878
256302190039
226309
555053
46404562500
28846741680
998358
28961985550
640746
1270770
596712
738578141218
664
547734
471022
148374
3265787549
894578
1179365
162502
205988328012
1812914
760809
18994
756630
820007
709337
258638
581192543888
434772
15610
496484
249092
283041
560644
1598384
1061764
773463511954
1572047
773370
305022332754
262004921745
881880
12277332816
811509
1250034
78546635048
471142
1076380
103295
1650581
465521
237117152954
157963330224
146478551892
290144
761707
116000832372
532030776852
100490981074
568699
882911114334
884065
559543
96722019603
319923
165139042904
307024
18041744095
942104293319
311434
371629
353998134336
656917
242603
378242
465827
278312344398
29218898566
189675
39529455775
45027
270933
103859742504
417507941648
231225887940
1403858
789049
112998222692
825840
232542
559496612448
468327864785
825122
620216
1018429
390204
563267
18587
588503
388890
302461
654073698656
1321653
593716
1272033
534957
201511
453057
131839
691595
27052880712
139319031140
206597021715
360790
514609
402144374310
95900033538
665549
203079032388
621573
545815837400
90258869227
270243
47800
22707
59525233677
1565380
689789316150
588731
1025718
1218403
454009
323384
34854873
833532
51589686975
529316651552
536607282640
254309363646
419865
296105
1280283
469470349861
129901924510
712193
473332956697
1589264
762500703684
208451055253
28418959130
370931
1412575
67748
1412473
244932
380137
156668
1330764
741555437831
334913
1640875
781214
602976
500942566484
538677
754245
164073
198584672052
342669593136
210289918688
73120127850
172874470008
1254076
36026212956
377537
628046
563461
657931
629950
988502
850973251758
147091813358
187947760140
300178
1238463
517644
297330156032
638605
741242
408450
917738
210019610160
23985955628
49050584828
308440144036
1025028
108266709200
1093206
344674
1427054
9890063139
1580813
1232468
30837
538373
426743895292
122754945328
1132075
1008330
1214055
1286833
26583
1707152
350645
57865142588
1006360
240820
548059759758
1136905
87552768915
47837826945
503509422750
48277
213902496300
206552
99186
168284645950
425477
661610952030
237737
486346
1065650
901118
1372808
70031302654
105262
609947585946
606748
669224
93285456414
28345089884
966623
507150
132057
54941110556
377601
936294
925115
690402
1152614
475772
88054
64228
180174
362336
502294893018
294215
658924817439
1004607
242050876146
426254
912783
951338
995485
1096219
277461403392
439514
1093374
117237374415
75334718412
331490901456
29891230446
820811
1452191
8070
1696078
768470
166344423795
380948
79776031049
283507
216193
364749
601110
613133
8807439342
225027134618
86224
95231
100557
227442
321036
687570
151145991344
231951377040
19462
736520
823789
274957
910376
663920
1380917
6875632559
114606812240
197386
544951
848827
1086197
1340658
1800307
49468996688
94029299968
312024
815673
105889149164
261726
999253
87636
76444
1441220
26234133508
679658
1069838
30262897104
33135323712
118850395389
169417258710
1312945
640824
648144
492346633350
1743397
306989845470
1060551
646010
1459942
437894926608
225207
566146
280216
455575
52057995579
237433
133793
254904
264342994560
42865103696
1847879
374882572820
277184037390
824581
407874
263861
173008
886394
58527347027
99965434308
261138
176547
470430
1205124
228043
382626
286482
1635179
240539
55319711314
580398
791100843390
483010
178206
265903695639
1383002
173450120599
27768
128306
555462
70981513426
200929974420
7929991168
250563
972362
850077
248204
13018345632
10542314914
781241
24965860530
205348
657268
308886266658
985938
205144652196
1261015
1083197
556213
4721
160719697740
504621
634453
1006936
1061001
903836
1235911
345399
1349744
1111654
473382
618865021810
1409899
97342
875671
703260
1188324
24057746852
1553327
237719
1479893
964665
317947458240
178461182726
162733212660
1708950
702402103260
1383075
1496279
1660186
696401
1212675
64838222322
764257271652
1343576
312142
390113
611893620000
1020653
1915520
702324
320383
1487938
147809
146629012527
979791
416615
271133476999
1184005
1546406
1619862
478810
241362
31453588530
841909
99496
466573
527485
351040522980
82030758789
1007987
1089895
328214
1593789
249125
81863
484868
600250
63345228144
193159
92184
919337
780791
239945391075
163350069806
713640
133989
858166
612685
435171
374029
648334
597468
316536
99192
670287
84286
651747967192
403326
396001743664
17863324509
12883463022
523279168160
186327
1941455
251654
243832773184
237416
265442
994653
134605795332
432170
475781
177707
193751
734014
1496782
75819014496
1171786
350962
226134794848
82475367702
247415137284
68137413044
647376
550381
906363
1109480
562543593404
944731
726006
108081190048
416421
578710
55609
87007404
1482265
106386977664
812426
962473
402031959444
13801
350888904786
364709023360
202481855136
651872
35730934884
1469897
890653
4660360640
365742
7657367834
875424
461190
606259879552
115137
141302
1502539
78285150702
203791
518924
378525821823
304645
324052
231191082342
1031554
1450313
486079112520
1701763
878659
97706856975
493167
161184
645321296208
1078867
326864
1210128
210421
2584716288
351379668822
299820
67929
77934795315
303429
647180
112957227350
257742
65807919108
162720
497448
520934
81643662657
731468
1253639976
209295182808
144585
990939
555783600420
52479604632
291796
12892039258
1118412
53324452556
654778090428
158760
1389787
22504
143750
150031107786
19033418232
449686
461163968430
495114657840
1139582
286344525312
571803250
203756576160
489935495837
797991
584100
326269952316
42756
556416445258
143069
678398
1332873
449447595175
280562
471280
674096241210
36986
106737
1486292
135324
1069888
646585
749105
533244
558499
16879694790
64440
499318
1096512
655056
61090269408
77255
237637
1201844
533303
875179
298849
356391
942700
286512
440679714231
623106
882265
745223481056
754216
608942
3404694592
606125
1084620
1161722
496003
649150
113627
85033
106178450795
277631
6160558134
185081
432382931148
29712387992
816633305800
27625070340
718135
146612
523803
139769
22835
439310
1449731
957189
1106321
155486
89812
360939
89709849338
616829
470419
186093942888
1113666
650182
1320391
278732363868
514782
1884137
1124949
833130
743818
246051
494901
96847
1496041
79818821808
323643102244
596749
149757800196
731630
7207
671962762868
921509
1078527
29617
3376332170
89417286216
510496
767095
1250689
216713
9472
1208177
1166650
527132
296031155188
1045810
46776
138483635720
396069
366638
1825814
912159
157870
54009
286295601648
232955
712884343902
1053852
138607025310
601148
400727509567
642952
331571
1266756
416556
97837
1558224
686940
137115713781
917057
698861
636581
307771441050
312546
251278859664
1830384180
432194
1456142
463734242440
559742
106137534370
1096674
937218
1563850
412629
1619127
322801
911323
861278
403829
394183249628
874305
470596
552509
1085043
26207
553861
1349747
441167
1738698
902112
82546136777
216694454896
50613
1391832
702666
1446826
714973
605475
105004
7886917080
96807388977
1028739
28658
629222
900
603868
306775
687099
759358
467615693320
27587189286
356132456937
465821
219978
537072
154827
129053
178135
480920
628382
168125158440
1319797
824165
39297
324615421038
653122
450966128550
228045
449543062629
89780631122
123618
661626016328
309560
674733
1214754
100599748280
1821399480
940326
975290
711110
538658
135754
42330427578
535637716125
705950
592453899070
506791
694269899960
1764496
827709
1044372
137139
59582722716
820300
262687524192
376674989937
730928
890843
273345834112
85457090524
39951405260
65918452904
154222761756
238450
757516
1838439
1141837
248108279592
94278352678
250833
700834
1023992
558550
1022579
695371
1002511
239578
332730
884223
747501
815384
28955992884
251855
1099458
717328
698432
482874
30893
38299146312
508750
176048351640
590051327320
26601721050
153324
559331
1147606
126611892666
446396437194
194604399120
370178029377
1297136
645173
830550
1484461
83842
243937
1023473
301378432320
578216
202150699320
616545
1157463
371820079884
38195673180
259667571576
314001773774
931964
786886
493926
369666
334006
1343341
1411491
72875579464
746135810664
106793
501534
582879343068
716418459816
589333
1495972
883273
786180
143605
393944
419636139201
351535
484235362776
641296909040
569895
209461
530920894650
141688
448766513919
237981
553856954789
1031484
332451753240
1391178
958481
1132161
91254861491
751941
218176422942
281011
724200
320537
131255873735
498161
388098194991
487882966796
396658664736
1604379
1092477
858211
1035061
960775
47200750800
1081972
453000
129088
155021
580805
157376
169524589257
816543
50576642234
1019720
143088807694
914898
972735
432103
247754
1487811
23123
253786
174808
547709539650
48691359284
741459
480703
711822
334698
627188
150397284366
17948316636
785331
57255
1145938
793527
915496211896
510403186083
54884
453739
1074932
856813411158
268189
1296025
16941877771
1030361
399009
378916
670891
493727187105
47237943240
384339883537
721470
778657
109851005616
966118
410149
288280939080
50637
627997
395331
141908547757
16058993385
573957020956
1187229
645173
718793470408
226025465980
59885703712
238264
788531
246559
314510686710
1686815
330445918305
1747270
137013
1430347
75456395855
386259347134
51039095442
439965
35534033930
221659
684458
1804462
469254
598097
44687038068
109693
538868
370687
6880875860
22751
571921976040
272869
127503
429669
20257421758
306610686300
185087697984
246357
11712
847560
1611439
1631452
625141
914732
609356
502953
517414
1099275
352170
296205305277
280668
687731
360267
112770749976
247943
889234
867131
92626480184
19589073690
715055
411946
171403254841
292198823800
182344522665
382413
1507376
474111
606286
154078436376
1200428
711534
492277566924
782802
42724179662
81476
839322
923100
376948
16927623625
457940608786
54293
156713
529043
928214
1181698
158199
363045773700
874580
1355960
151615
109440333171
93530
164458
46045639521
1507008
44576
1140610
82070693127
358425037425
510637
21896786110
698741
33105966600
410979
437862
762319
246974
991842
763226479674
13635
1400494
600710
128465085483
532776
70373
187730
30972023438
426490
565023
244292803335
912401
806420
979741
81728863736
42421159210
639794
815498
259440
785711
853858
34823418045
634208
300203
226658098836
44367973365
918044
1777845
460149514723
30724
56695164935
968235
919420
130327
359632
305192
230692
652272
23153
1595648
1103707
14308440209
1063353
755396
169061
488238
830395
261695227788
1521525
120990
1308178
670938
812703
639400
537590553000
518612
4776363738
55901034120
246513207318
1369689
49418768448
325728515133
1464773
756218
10382675355
867963
223547387582
276937256178
641251
1255836
1267900
710801
1576771
1100168
190184
1289630
746066
451347
1012327
823625673236
16901
1525264
72996557231
381472122723
51191627382
1304977
162876714
474437
436348
1161794
96968
463267
704167
221031
1799004
155731
92507655810
656053
1802848
169742597563
507535
96439105035
262190485728
370664
1052106
1190959116
293044
1753824
29221623792
372840949568
542795934520
33764041192
172878947850
100030079736
212408
54581
469817
368977
422040218908
1307098
654215
918301
388405645264
1699518
1390895
126369268190
146386
191221735320
705280
1452859
523193
691337
86543
124454
1069402
416369
826313
771209
1441879
230534905971
172286
105231
1799900
1051326
1035241
1147949
371008
1482596
197470330148
654229
805187
408776
84563
88477328920
510305651952
243217
108146683554
72534133126
772563378990
108452
711024
12531901776
232163
1856895
1194714
822788
725675
421782
374258
459027
637380
145378495098
41063379786
15144
219998
1119657
257952288
378668
6415236126
2696
522039
622470
594655169459
916892
727601
963340
66494027705
291084799600
253503
809658
114027
1309119
214719782982
217224
1355150
1924055
1029722
812933
921751
746715
256190786571
286701393456
1110810
165933
533958039370
356158837104
1224549
1040315
586993746288
589797
87844
38224047344
1107836
113917080332
241543
1109283
839381
223717753890
458324
1074756
5372536957
197349407744
974581
383479
888729
95276982671
1474823
1700746
2522279200
4106102220
165859
15367719584
23241
765049
144106746360
169997726730
860695
290879853680
776868
448463
284346
457397780224
587489
11891823856
342179
93937932420
1084952760
1396293
210111233304
543866
931070
679065
165545507904
1131218
83081957768
1107509
732160
429197900102
372885
464427
780945
58524097954
544047802572
298617
864961
805293
545031
75816363440
231810
834092
451263
545891920644
517940
300882
206860
197995953264
93068250525
922179
1624247
293893
179219485340
661164581724
475782
220907
380954
1349215
395351
813725041259
14928845544
375222
137385272523
838949
974680
821950
430900
491308
68899098788
61920
167396625361
199258
623011
356399381194
142900
190896652801
124401
697650
650291
9873619470
404775
244178740730
288851712680
310682
1407914
713591
749451
38193558215
170791
31550
37322
388570
1104995
34355
976293
218142
38806
143025559418
77640186780
102124
175121
1557441
680706
192033823212
1415038
168109359363
1068883
1018016
733836
1508873
127982704598
325806391187
1106885
31537961168
1016950
818250
623874208322
680668
102164
825010
218576593550
167017879390
472470213996
390990320556
1412225
140446763280
514696
1600486
618988
60950033460
345243
487622
423637511892
574296678122
188140738926
300890188324
817809
325624
1274838
116683251300
256618
1085158
355046
159366621020
1336141
1635032
79985
115842919296
705150
36611
401760
345415
909871
371951
572294
1609816
423297
206393
272349601356
7558365563
229936388360
130630
1619709
630682107468
16221677220
1770173
358038436161
582681
279968
43473989636
495512
532787
946045
1786703
924468
312697196280
3103469523
1345916
1383366
1272723
221891250042
373018490937
336240
1161150
192380635174
1086287
18396845020
537221
1066070
910653
76905255168
1551125
416150
360813
309633
1053967
801442
1332301
410240
1005764
100999
23263
386190937314
989293
497730626239
414127
311775669401
1616325
9752
59173
391268381814
516414314568
639992
971657
670655206690
402363
97622
517488
1521712
223585
46375
1134611
1553688
1280060
124943991290
190136352716
259332
158885
377848
909656
672192
61189
320576
387964711218
1263158
419812083633
766331
535037
280792278312
421490467926
1818644
1181914
1369959
4656033236
932738
514618
496186
196546094080
914217
311533
21701124886
986811
30236735052
41030
1568414
181762669632
309350
663817269525
517286304320
43322583936
189385
747226
1107045
265782
764050312000
715146
415675
160533
44014932873
1073231
272181
1353431
156508333381
71822563850
314148
253384
358955
807937
1018505
299647
52513
639775
99862
424295502680
502131
107546910443
32919
27831762735
571765
306878998426
107506
24071170066
488395352312
156635
906965
161177
712606
15783901152
578074395264
439091
1776939
162495114183
479832
1296937
1118709
640922
467717
349937
122111
95237
1072118
191290
224095
1305998
381387
183477739922
240994
144092
1238050
99950
555417774879
337902741717
156538987074
330659663344
206706
353629
405293002499
381545
1111698
110649827850
70991596375
736941
544674
1300125
1051745
210647326148
1045910
736883
1364864
1042757
5626510400
283928051948
902123
816452
687363
1777160
250776772492
1179173
962086
1834185
623891
819509
24646173862
514150
16042
220250
924616
953693
1403318
711271
190290920027
628540
1107950
213177
27246221004
926109
838251
612843
442019
95249523520
1119176
766485524741
100605398472
462354515168
900510
664419
1586921
12800599714
26258943240
1490856
134960
802188422391
1125540
1722297
484560383088
34029056880
636837
565277857808
253577
12313
272084286582
702430
435316
32537533580
1258682
46989
206635
123361554735
365031
34605
1230529
77706474795
253333099760
116326
1322818
496637
966160
54120
903342
319772
647004
169587
316104
462919
841074
971289
226873
933975
311629
1039659
229377
1345367
1078991
318261
1668045
77668574256
152970867616
326160453840
1650074
1139980
668527
700745022754
272086
538756
625501
135107
881413
127026462010
711501
423420
162151457238
437305
591692
27651731140
920526
1547389
1358446
389597
1016975
12445898737
257507
13209022640
92283
922333
466962775776
570593
421516
1856985
99351
372902
1453584
421907
595467932424
963075
323778
41204980215
326083
12243
680228663751
22638219058
111845
165161450214
840883001169
158296
412816
440686714358
145331
885344
138537
405097
176367060100
464415
456825
46465
743552
325396285984
258261173104
448560
108966426100
749951
942167
704127906872
253310966730
404751
885960
527163307775
1314455
1449941
261226
333228
96608
39386640720
843025
61640519049
228156131588
799847
1182255
9348365016
710237
507350
62028395660
471248
546904357848
424955
572269215550
369582
173556
62448142815
439543418560
649085
67247697462
318864887812
69326705126
508817
889187
268467488289
1794740
309628737126
81968656132
228603775988
223976894585
785791
66468
410174
475847
1662854
20312088185
1524376
862383
11835
851049
1061558
8901431796
1406563
238657596885
290642
733778
1135988
173301
1323803
167334274009
1045400
266465336184
561596
851527718446
114283
651880
443277963920
80412856496
87765236988
2240217375
257593755657
293228799750
71498061750
207157
1008517
974402
21161316717
141470
269821
251487159032
108292029300
54345949340
13822220816
448651
107658775824
74265
619528879710
332089
432345
268893760959
211543740615
821712
87124
540892
37573539345
23400273560
849566
113622
1542731
88065755622
523459
1114865
671513837128
1679344
416598
434624
75770
1065277
1201173
450057
308320808270
197857448718
142057328080
332551588880
1496723
1226010
126675217500
402019
327444
64380
574604103024
272148
1119421
627611
35184
651037
965090
77775
1096586
150743925998
55100890044
565972
1779696
242615
1187857
1077971
1205966
27725
520786
382687254144
666455
68017104925
158547
812399
704174
553606249517
696488
24058575728
1239728
159991476190
203450354920
599583906684
57181
76168
1722279
597641
840089
1095180
295784344974
207804842430
1362809
27983
1386001
1040623
434103
758123
428778
1137342
221151
1377937
659676
114950967740
256623
1751297
251003
626119478854
210343
19919
4805791602
1118967
2407695040
1235835
55820
875699
29024833580
74601
126162402648
197766
167734
31956
224529
651665
1520077
34650400734
1325539
1618565
4593
23029
302889055591
332598328800
33458596938
681253
49089
712397
82608786476
236099
53343319381
92055
780186
1193996
710183
1820985
33745
174327
1396749
301521
243506
147901165104
22761502096
201537728865
8148702392
162678616341
716277
778585
1935711
497948
1593690
1190272
243963
70270318960
1250882
445662
154260446589
266574
536908
690977185988
1618065
769670
632209281626
23601920924
489755782203
251768994048
217406039004
235057749082
217698665196
638668
490995
870300
1575421
28275059552
477960
561405954576
202817826292
481020
1417806
279055
598421
315439
21055
143363
73063716288
939896
1067037
1051033
612906
1275572
38487002805
1126180
615867
1267896
461134
592967
247843193031
866689810686
490835
54026071704
65546156000
38237069798
807402
152281
487164
1361933
753753
432386
206269
1376533
845734
103666312512
4423926963
155158863737
211074515680
366394460556
952508
290528940784
960556
1405541
776801095
784116
1212575
878612
387167
32967744612
177129
62863599456
384835
31260134100
936710
314096876892
1201358
20212587540
680588
151262159147
422731
118991400750
14847143828
73374906780
105492
640514807280
133135106764
127150
139037179648
84020615980
1663559
1058041
294115
99388860046
443835
166608
489783241662
431681659648
276981494584
657379858024
861055
995766
49470
162332565436
510683
38037413596
466082081608
58305960698
167747
806214
18169089540
534502299495
151098
294911
33283371258
529810
281290503928
953817
167738775885
165269
26336329656
449688
709237
385037
20566976950
913643
550936
860749
587414483934
828249
392163
516153462634
794131
214668012872
896576
120381567915
634855
802778
680156324796
33103
1361456
622483
629064
1374366
101293784317
322263477360
921280
515652
337779127892
288222575580
10216
239677046631
428055
613678
445364729601
13775246304
1728582738
100956
71253718624
1381351
1298286
140903
43722212670
1711418
662823
177443270633
18127593090
480432
342562383104
5334239828
52532485264
60533107544
134092
1041929
1287776
808449
550449061435
151143
895159
488842415992
240348997746
983223
1077766
787747
942018
351843
281090750688
385243
916406
475677
242392
36480
114738531291
60552
1056881
86296854033
502821
1281544
67330250823
70313
417383
645691709000
179572
935223
38312764496
1441471
44022336644
1102419
452294816960
10293310008
67243
388015
415615
63974068200
986480
608684
77258
117368
565949
869470
74689
1389648
468323476712
963514
657273
1188781
442564
1082893
584331332262
87881
426234
242729664608
451581
1109422
177226
455711260788
26897366448
315320
32961975424
1519087
406454663160
547592
16017652368
1349696
280093035948
878487
1491386
107215571715
21880131694
1067007
302313
998699
439253
297762459840
346620
466984
468004698567
324142406816
40325278056
991417
23106
393479
1230970
532841
722731936525
1157342
627930279760
1467580
321227
1192758
178697778105
435156
191466
495429
146044481314
486137879040
312297
104689757140
1340667
89209880578
366826
361673459664
136341424762
246447
789226
646032
691940
848188
610562
7342369804
952023
83563310421
86015555010
1201916
454660
148766870028
96815513502
429983921024
22036458220
221899765171
690127
1252176
342179
119941
5601436624
118587693612
408786
587150624856
327461100970
49142279394
271359
94682
1365689
109399
27663
436448
1380232
746077125514
757294
1553276
145989
925462
325065
662048303004
1251486
816504
1553288
437640
643530629832
269961
4797
1278880
246386348030
463779
167372077320
431735874432
428908823280
608333
777337
1484774
739622
830200
509199
194366
402495116114
1633550
1647687
999972
662331
399700307005
486981
184767
980529
293854
1429766
525151
959677
859870
3255431861
25363279032
1195744
822800
1427042
5279
921276
597356726680
60858504000
984933
659272207462
614315
575014348202
79690
565835
1033154
34597882836
1058945
1062895
707328
383093410632
372441
506003
565357
1315369
1065146
5790699330
591552
709633
18121588461
595029821240
118185048406
369334484955
9971216400
143125
525072
574394
118466512800
536213
144277142954
72378
524852984772
483603934426
192134554350
790736
921405
520766079876
208417
9284
15097285642
264408
1361913
176799
17590
452842610990
409805
702751
1473494
739857
181054
420781106340
1385857
592507
217563
1565411
569853
497652769575
256319903931
1381511
6438942800
677438798733
330528839136
105658671699
153125695640
1312119
62522
351625
43378
519385
17677781830
811111
25188833774
188144
627828
520274
1177464
1218843
35516921440
818710
495264
102829
349675859454
490509
641290
1211585
1219963
1246660
561268973286
388271537082
477401298637
1244918
1178083
545817
673017
43817914980
906335
1500360
291416619054
1093256
358589
52569
1256382
720902472992
421492
1092355
728425
1247144
195089208576
245748
436126
491271
29166607260
1337907
594666
146464
1922475
129024618863
336432
27735
1494830
735158
1349063
15400211036
955230
38586958971
232081
1085766
145178
328615779000
168151
1126294
495611772540
652343379450
215638
48741
838512
170223557400
1225275
1328421
788133
1213160
124894454304
190532
479742004008
93280
1282629564
429868
841073
115102
1877524
840651
780453
108983
126144
118387
29802
481753
380647
6818611320
368821456608
940887
1024326
172698
1200559
17628
457684
974417
525785
160229050936
18657
644313
325034008775
161078426304
677818
694958346
305291
772425
1148709
1737839
182148458239
460491
465415
630280
20957830148
135048229921
129102609480
827784
810075
282291
339811
1160712
464444
869312
331390
279696
156565255680
329235
1300542
39110841840
1593589
681379685250
108014
1386795
196315293120
418882427160
587222
364821
971445
683935
13836102018
810825
671231604230
831668914080
408512
543007
125800
707209
59145777258
277439
69984
1656305
355668
618655020740
484116
1440471
71700
1309812
634197
1886218
271266
99282986913
354643
303966828242
428348
1506689
411993798376
469575815774
488164
143586
615762
802786
1542117
69408
28098051189
16108199904
1429617
17663346450
350731
556203
1164661
1303788
222394558316
390064835709
237141528453
1289587
168338946808
1208128
419810
117388863128
159731
143635244088
1836418
80932002192
313759
385456686016
1108196
683107441548
945521
282143
1211499
149112
800005
85518
614075
1525858
129473
196939
1175411
1280583
843566
9949479807
870265
501965
1283930351
269052533090
930739
734685
193260504864
768749
716828894200
400888
269206
162081987199
442099
299063235291
388994
360237791559
214072101165
29090
915559
32503
778028
804679262136
291513
25735815738
455461020280
35128
886967
31539
116516
348646572704
113879381040
17900199483
1169228
980945
366669
767631820056
531527
1880628
191680
1353446
412459249104
374441
1668977
117960
208763209970
685284845670
131052
74835
1605359
584563
43189
1139
285807350752
75598
35777
82326
18912
42632303580
387600483312
728681623134
524998
240498
608134975684
1430227
239601
699512183300
407349
1799138
181204927816
283506
833430
255831009144
142566
302097375216
64988718000
915567079468
459218079950
551025
376658
21673064410
109385253516
1161736290
1196207
1064079
788207
739592
285251
898086080210
471625012048
861250
187645299810
197014436424
342376374732
221718206696
77179405452
377416
299910091954
71769
291329535016
254288
239151020224
387797
709730
1645669
107594005420
580288
100105
96817994784
147234654583
718308089937
59669
274216
352255
213637425575
316671
1038143
62090
1668069
145326
677734063200
28401
475750
618719
1490108
703801
182947207440
308017979350
685273
1026325
552077
1277980
1273489
262213
157383
1334197
632408
861357
184480
350307
1125227
521201916114
845063
61444481504
7246503045
236955
1402859
166962825099
539238
1235685
944373
30792505563
402260350241
197966
74630898599
122653
1973615
580640
374513
1036344
8129
1129235
1002302
797401246868
866780
469334170259
180126
136552
587170
309387
1151251
110658
973556
426657
388330
1058794
515198
258381772288
287419902948
155041
1315623
672824
385429
173066175501
40669987113
1205803
583463
618648
119725
1314819
589345
268953
475346
324656
544847
308773150344
34197049240
75362
46272
422196
208504
195033798648
1396865
110503
1054984
5727651078
59583
291087641341
1707748
623623
647257
62194695024
166800456216
99284699968
74784
115558122582
348229
549749
520533
1237439
939020
907907
624441409922
24785
431097003584
403208
901544
158769
276979744792
378336509000
348363
544916176554
306187
759053
1114551
210726003124
3904591032
116530455520
928184
726231
154484991024
116947
501349672252
306478
177893
1236454
191965386048
9308952746
64701970844
772064
2789680943
635514
1102897
338973485004
385328775210
222167
629075
615751
531061
830288
783292
124145
704290
453843
26934059052
60014093786
514926
52679
10945104104
90673197313
45945831960
241491
4399332165
215125
280861066968
415448
504262000137
913031
63537911118
258849276683
658340325768
164494
898301
146570
749844
34330527501
373613
827105790840
345341
1475325
296391
362951442172
79681576156
1002252
294767
368304
231102816100
1734607
714771
267183
1255528
352402626979
159853626825
287624
389384
328266232316
120428020761
121665
84554
837672
674268
140053
44706993046
282754
1466764
25617253571
363454502196
344674548504
8482636500
893427
592441
494360902200
160592356539
1165268
76639
1447403
192102
283618
158483
79874
909082
556985242632
818738
1118330
1235679
324418
1497519
992999
502535
26805738168
254036
155839
812351
317353494570
252197076470
291079411875
79711
343252
40686531094
127991001104
428157712480
27190538060
760148
444825
858997
1469782
263670
99203
181818
34856
970622
131401
1364215
1407180
74197214973
606095
743095
1085908
358614341796
273171
42200724098
553864
1426215
653951
322678414670
36993918319
8633
291695391750
879681256785
42746
131363
384025929904
301732
36818
414960
1231573
303795
17179904428
215837
145876051575
677306
54795
43880147295
268456062294
438566
9730750309
366252322968
283016
321326
1145266
122384830360
595095
221965
148118
1141149
1493712
1651775
571810
132839
31668
1038538
102061
85622391360
682473371568
1028427
836070
383790
384689
644597388828
1493893
103228268145
839781
7096155680
1724305
425811
307098390225
382425
791366
376228972300
46146
344293132638
201790
697578
45121
873211
39919350402
1217022
269118048248
1103898
419878676921
1415015
378611377500
665897
248273
248783844419
549616776354
442107956538
294668866105
241207701060
666950
1687049
151698
1009
668649
908314631460
280354992480
31883881632
623029
833285
89231
1941814
460002
917426
597379
700217
467258
31130476552
790877
151916298212
130070
1234904
1260176
341486
114084911000
42886829496
676722
558935
259556684280
208757783806
1029898
392319677880
501972
878120
130469
207736
54304345840
112639
731379
735094
1016091
1143147
1700165
582484
102936312
750125
969615
282492111685
406235
167716
1003314240
1043142
1522321
636241
1327331
477368051931
1366169
49009910652
893083
1225484
91829
142679
738854
446982
83136284685
243760
288426018406
115392
833718
1346836
956429
87490662000
283363
869518
550125322572
642707691210
15817135761
1021578
412579
763706
570016
648346
325829
674413
323893921176
916694
45922
32265441509
342040
8467938700
513142094014
215288184825
299263
28763691660
699054
721788
613686095036
1051185
10145783660
1335071
405094
718439
217315
1216
185343840113
731705
541595
673076
779228
321236
161744727066
429318
394733137000
11188224225
463137
41446265856
800409
1550403
309397
782136
657046
1899116
318388940806
226981
93537028650
1724815
403942
298134
651188
1597798
332726709444
391029
119405448800
102742
272234
203724
216420
183001
340205337450
102400701620
837060
1369785
516501
320300528413
521883
674223
17465512015
214348
1203776
24290
954910
682625488272
1235266
1486424
467372658501
28371825420
133848417960
111141
805485
42843321609
112356436188
211107
1017712
248103230326
534006
859710
1019557
603746
148072109136
1191660
75938
1451615
68046565950
722037321852
532952
1934731
1148551
197279652416
590736193150
741245180515
368423
232009822800
1357615085
83346626214
575717
903418
118682634168
1653045
378857375000
75604
341421
1649069
320251086883
392921
358004
412413
368540
118927
334078432655
367912
1142025
1203991
1139085
767248
188783509920
875851
93251554875
166220358474
897651
191052577086
233527812182
1556856
665621030620
116528463114
330673
894029
27006073944
63691574388
75768554770
991433
611419363734
1169035
300506172750
1630690
1181964
301646
11261556349
643613
984594
34011
820196
3339506170
207223072888
1643860
871755
618466
1674846
245148
332965545099
75629
300216
47384683740
774119
523991
568860122368
308428
690847
14283172678
839128
859871
197029
49689291060
1402749
252750887808
521405
254010695193
290289
447212206497
1170022
931512
550168
493040707775
436284435678
77592
891872
103977
281908
27049
246950
634101714990
678558040095
529106
990065
769101
770265
686333
458723
1377885
105913017320
24194187504
68180
16846105684
1465391
832251
238514
211714
209601754700
514295
1179005
565102
459956
972665
1551678
397896
1192008
2688530571
488740
384982
569441
267155
1560542
762726
591685251696
1374481
908120
106793284250
317705402842
99456740448
1887089
141276532376
524800259082
280514902560
416068
620782
976636
363432
256163
7403
9153
767093434977
189204
1222608
69034584654
1141925
962355
156771
203211621560
273939276429
260406
321632
150520
551377
457365771480
471119
312244
1305400
466224
107269
595445
194026360843
230321405275
172809737076
377189051624
1562519
53715
488230959871
715704
95020
1006354
1035049
404485334640
62210
48875112270
1823818
572529
18129
1005532
177814332513
632571
244805504090
112053
134356
270783
359134
398961
417456377304
188769
993504
1102327
1549552
86897
1382894
142645424640
282415218548
1588092
413241
623908313544
780484
795205
770324
733912
614065
323247676400
1196850
564
456769
245505
1528275
1043773
924165
187666
537821
224366
429685
1774630
50263
902580096536
1256093
471893
98493925185
734322502650
471513
524934891640
12582292640
467896
705905
540678
20777387049
985680
630714
535927
422114082677
153736
258368
350453
371990
65805
132112
251972
501419
36477
1202972
266322
1017810
269845909558
44222
690920
801533
1250013
557138
556280
19789
540680
308589967461
634543
1312878
78179375130
382407
442057204845
933305
828941
559496555968
424025248059
481238
100952175184
278621478720
409317625761
59004110000
1328657
149740
1499143
1048149
92750
124169763046
641850
66797754324
107094305164
859083
3783
105840379452
802028
214286
237934
669264
966718
163035
178545417446
40734726417
54402
798136
2164431036
225550
636589
444664
254957
5722271764
219091153164
175181
632529
561088139832
94580075224
273683626364
1152726
502554
4359335679
1127311
10033054424
696366870668
126454
58373
1045463
322649055488
60518534076
182072
1035895
1389405
351068
1124264
325353
811787
38819887236
888625
411273
749337535242
114723806967
202467720717
30420909360
416477047730
280649533240
1382601
675703
77951
255232
1807551
470457
484193
1362795
1638660
69902281372
1351743
36731
22175585712
419549144208
84886706454
354118
77779
245360300640
330821
506995
555862070289
165706341288
508481265600
692436
206782
978753
1637098
178933
555172
1660561
164228
448206
1120146
27089583044
45372373719
649504
755224
111287409312
26404866711
19285
34465
133504
647464
438563
446932
321317351121
287560
716326
154950140628
317868
810843665544
457855
34721502228
1254510
1431645
34658340831
86344740675
867866
497372
726004
319291803028
143070722784
128414572594
402954
580156293586
88141752222
8815137947
182711
179892
1411124
282055155858
695078
1234918
649947
1431771
161466
185364941624
149074
114971003532
209968336680
1286307
671130
1159867
303037
288783
283234
726776
1165019
622750
315076
57781
731235
271261
652986
537007
477907
99427253385
350916198780
535527402726
265504
1684724
341671360119
317221
896718058648
1373239
139664852327
404710
37675151001
1242156
1295925
188152780288
13777
200948
235437560465
717581170411
9236806716
430189
631524
155052083256
581631
737151
633787
158669
93664
479485
361258150415
304482
802406
1379377
577343
332196
855124
250025
1717387
156713799420
945333
1445193
526407
1505228
837604117100
887847
963536
526619
267493
628547
155610618748
707268
274165
1217604
688617
123927342376
152417614720
31634166672
311278601512
258294292740
467405456625
581643
374667
390599
34005
33263470312
52701392629
968223
36101
246138372763
347228617992
183881060622
681001
611045
352900
760112
453645
89096
58673
1825766
511558
145670
336014
836217
1221004
790868
60490975992
243461833875
685838
1373116
724661
1148415
1375417
265822271288
1191242
1409011
191959
357224
230454911800
311604877696
772672
16227432600
114462023864
25775
80219
1043317
394340
505952856522
416290
695673
580908667560
114141
843465
1386151
675793
331027
75503497146
626315
1022916
1075911
33996817314
450385
317799
423702
720009579518
327661
945302
92934154404
459205466895
320994
1939264
226280
80421
1542042
53054587436
414676
1649377
609256471330
181913
1188906
457045468656
379786058820
108809968883
94286385516
215373407634
288551442800
208796950128
149376
1594199
441687
1213689
310389
1712788
1068460
794640747264
1083095
26624908356
95309719722
973272
402968933920
276316
342165800498
168294078757
30146
24149
55528388500
267150
1834541
46680307075
926129
74727
808114
945964
1949567
41299943982
371796163020
53316290814
1287136
288268
113884637440
14091972924
355362
675072
553310015456
50335282648
330113
1214001
345105
634115
1079007
89799608496
857861
570416286760
788394
319194375052
166391351758
61366
289771
341637
372247
345652
316987
82047476436
967842
127405895382
750
779638
482405
931840
1310647
1048553
227890
1876756
666111028142
71709334020
54671603975
201205769999
7942975446
1212790
54174
726680
559153
916592
394271357160
688094
1601154
617395427168
719498
304921
524329
1067586
87216
38057144328
603767580648
1753737
731383871529
50457196520
526389015516
1364299
33512664462
35556
578482
332527
775457
51721563168
1319938
390149092509
613068
998029
396654
516747
1206566
4930353312
1077035
403830
53470
766910496410
923682
91306
391551
1171327
428685
474935
144404513856
520615
178438938244
429179
1071767
278104
154128
577127
796281
615583114670
601465
620257299489
1424444
1559012
21279121578
877159223360
1427151
350788627350
904471
26480576196
310568
378131746086
897408
475513
100217300912
231406598518
265398132440
977465
261948103004
84204826765
89088
478321669836
672904
468228677011
534790
368047
712830
191587
710987177416
1128472
428649
704284
304426868400
264684
332355804480
360471651534
653896
766902
1262482
7067
165828834102
567008
20358
232458
111680
1524830
1055754
223212
83452
1016504
328086716200
324272138190
531498892000
1089777
228069
517093
1340468
57302059815
540356
1147408
759936
627804
450137
1045959
662457
763901
1080612
1096016
446418
1506766
765656
626364
1156046
229831
227105
345017
681217359120
67754
745711
1070032
329009551660
571551
16426
95249
26144274918
645528
561968
42603439840
73846
86530
100225
1107288
483642
563012
893162
344733
1010
25925595612
1065030
346044
428012
1060346
304076440728
347976317872
374256151290
18562002975
879774
25419010806
312784301104
1590664
212207277096
1018757
120409
751963
66822606648
76058692290
25595610384
311021842395
678016322940
795507
140245802892
463715
198291470688
789794067384
561750
75604495595
808200
88899106086
118459
1572600
347622
539655830616
567943
1152453
143633603482
544141
26634596602
126539
517248
107475
427979
617942005094
45267
695171
85107092580
1805336
66141788175
836562
935214
286337978948
876807
154439924712
321318215280
856127
222974360280
514979
1757531
699402
21472307133
265334779463
93168499060
519341687510
893763
1320096
849573
105466
465943
48072060288
549876201933
47453568910
622954718230
1295420
63586
1222247
1087917
106427667437
901196
99729180110
655276
189819909776
300387137930
21196
962048
319986609971
1443269
1094235
57103
254866
339473596960
318727
253051
493391773644
376358
5939768012
959780
154313
426009363133
82720739034
1574645
502660
986732
7794502820
572134784368
1083363
861595
458957
137459
128562931640
1254400
101558
408618
579317
111274990917
324550
91854674622
881262
734592
646686
176266286400
1282216
1120792
62629488775
1903791
720432
233333
952932
339485558320
422160
214877
591847924886
239184400480
110454699750
711118
224019
40052235348
311319498828
681353
647885
246023468000
633292
295726
1264641
161603040816
232361205090
453717
852658
1795794
655671783958
332812003056
1351965
172201951422
61365
117427904240
140114565261
377528
1770804
89486806670
1513987
11698492500
1177491
9558
385445
863184
146023438978
70757072952
545555
1677103
804069
346960626528
382155
1447427
676774
675448
332034
592614
791515
820563
216031
1149175
541594
12842
563669
166894
163668
569551
174071
227067
92103
629720
333430
887847
312164
875695
473704169640
1535167
51656
144411
409562
583872454815
599682
470765
139692
230458
629791160422
243974
96015
251818641984
1354227
277772284020
115189349310
677719
213022
493395602168
1586971
490507
889889
19917847976
298544
593857
290813958864
1310547
672960
1163565
1447754
65535
653204230218
466927929606
1413499
6751300116
130142
510284917800
194388587600
244566
180335
1657950
474368
408926
79484805268
204028185075
341058
101603345256
1839807
1484711
48990958836
583155
569383
56228051984
198362
1546694
1185508
123541326910
272662
438617
48530252925
1047083
1198565
825797546230
24109937754
192444
227539
706240
779489
58580
189816483120
176657893650
255889
110042548122
274609
101684
31224578736
130150907800
5618982480
498407
1110943
582390
523218735405
644438
783359
553285902190
619581
845735862100
32706215718
108289067035
647608948392
516898
339238183200
189817
1418171
5533
166382
41754333460
544022
821444
762719
538329
418499180526
369617743636
146609
1392331
159796
825050
1201956
94688
147563650116
428778
328123
1309506
258880
874841
98640164616
1216553
241276824750
956686
142241972400
1066306
471196
377703
135080
540268
40423861616
560723
381013
440606
445258601080
28662761332
1693956
101074243200
627004
703118056690
105499714212
228046023354
128845
40607779278
1122002
38984
593428
1057973
271412
1434862
529014
285121
1530578
452156117888
88526053935
644091
71492164671
553343329252
294321
6844206025
556635
7249
158420439835
701033
356067689784
25350347432
149801556675
111724826931
8591044716
972229
316181878040
48824772021
2272673788
114191
331098
790867
334230
41208
1129880
77884880338
73270687336
447285332505
2304839982
29474995780
389626
95956
986487
233952637338
490283
652198720992
732429
95827632495
742633
108394908615
467448
841186
456269
102296
475038298288
935664
18831729855
55100647056
303523210276
985762
407124095352
304486985376
652499
430234
3877795881
202035497592
48908779343
20271390048
728206
780202
952830
363340
481712906196
1420309
171617810028
873740
274692272400
20835909430
563912
1152661
651251120185
1028540
193433
46690374201
1036836
450946
2416788960
1128890
1082265
31884578040
476309117136
74972732113
186082312130
172131206082
134884681620
300412154592
356268
771495
861898
173345132880
74771256795
277060
306978021320
77065
257602578341
82755
283063183488
241932
44434
1682260
242241
545028
1366548
1654629
580406
508208
170225
106814
260822
1445430
137137
1367743
320698
229945
129584
478551
1065903
484248600
1008620
216527039400
352896204816
284809156444
11915
254066
1259813
682489
569065
556764
66807
50368
117463
1107085
904950
642166
1414624
1690275
1190444
940285
1419155
652551
438468942669
294004
11172643482
46446842618
313053899760
489507
469251923712
1045789
76434
899302
825706
1692963
764913650867
872240
478668
106788327840
166881196040
114139
1795948
487147578632
193571482532
1157619
232849
902281
698506992153
1629381
44394
191812
257360
863191
32407
145563
405440
394841
794016
474934
494312
67561
124733
172879
1038820
492740
302616151848
142727212179
1434677
1114890
437932
92763995616
1226694
199904
50968
299003772886
899872
744887
892079
877078
1256369
253185
1126173
682258
132481628928
13958
63772671105
215728
1597108
1565393
36995
199816827602
14359091094
217077941404
221003213718
281839
950905
390553
900767
966518
1608726
96489
67560006780
219034403560
821194725
10684
174535
123751
171378
760555
8961
818523
752364
926404304
982610
452661175593
413018
32456661097
215068
123276
457642373160
190108
1049004
362294995420
60529656684
1242845
151590
551126991470
349644
130380818975
761665368598
1617249
1680666
533499210574
797904
1036306
940330
123232278372
120469433434
329088
708157830159
1735580
9467599140
122456589928
236079286773
564087
173335923192
928053
1147785
80000147952
854199
614967
447586174329
119689842896
680632
3829
1731591
160310913972
732409
15936
136855
36384098825
38941829468
1785769
877593
209063064162
566728
1690790
1354650
969932
729486
1164326
450328
657196
232613
1029855
471168435738
591931
1270840
207998
791317
221579496068
58695558117
359684
200752
152464
96061
162632832670
842055
1138684
152420995370
1433331264
905382
702846
307149
69446
676535393338
671592
23362
687273
712901
363696004620
860200
33286263048
985556
374149879610
106258533655
763493
136799
501042
244139136280
236278
16447757093
159817389746
52501601780
949553
141189
1074546
103040364000
40118
159418264824
129988023088
35031696412
599664
227898187200
1457202
424334883735
61096093232
756191
630318
356362
67857
621012
330927
5657
1233218
332850921910
355387
353729
729974
87861121333
588973
230310575356
502022
647576
348282382448
26488916360
156020596344
129454243548
590116
227973
1096523
790333
517015
1251509
16968593125
996867
901554124822
726808
1095102
1389518
61639906416
860564
1310018
1489030
217885
977406
586427
667316597346
1457249
680673
84616
424225464992
12339336240
507850738673
844088
5655
223096706406
440901
1551619
253276404083
908407
170956901100
598913
53123
143470391172
229183
692689
1007362
388404359380
701325
819194
30681252118
54760753285
7597
766379
830508
10548611216
1284195
105603341550
730530
163029
437430480721
224124810000
716063
243631299645
1309117
705800
719205
724018
238850015625
578862
655375
947591
713211
504481
569523
826031
394125
362716
72475
119676
47722
528541
26501648194
289298184240
69982321680
429944
866813
1886370
267903
7070
759748
1421694
272799567963
188720248600
1077647
285459
85450921425
528584
114950282986
459010
498175
691875062984
172458725184
480489829200
537789
179279
317136
283131827192
1521086
1791595
196521
21718703472
109428
1388546
260348
1136615
722834878178
73094022144
421355
15396871371
174131986985
1159083
20199
1248949
7937905728
43608
1732438
348482
1670120
500690
345475
333775
800916454594
549960
27738
1022693
1201218
51979
43936588225
681555148063
1260702
791008
100733
11693
1347656
807733
282155305040
57467051586
683243
81900
1420210
454837573516
688203
846945280728
1440544
633819
161634
117085195276
1675176
833558
224726
438460
1056732
354201166797
115552
1118934
1492574
1076374
149952677061
559297
598333
487869
212099031300
110683156864
897702
583900
322556
1132037
167910575100
663747
1278344
1003946
9022621632
644949006212
49673602308
68304467952
965337
942137
1074693
671951
646933
1045373
912823
408318096240
731157
1829428
281060
41609425656
627426801970
678803
1122315
336011
125219422192
1265140
39343
1048801
1303629
1138243
45396
313993
146299
697504
97018
58674
241218100860
196337
1306448
637192613232
530978
1067370
159583959417
793796878000
645939
320278
398698
569563
899123
1094319
165954762750
263407
493441
654974274320
1499
1676608
102758195880
533713703556
144461
998383
131383
787874
1773229
510074
93550
179485
877440
1017548
314314
73046
272905
1435757
755208558790
817955
410832
728299470860
68219
652639
449508
301425261930
41038
124200215508
66893
368077
144182
30189460620
841233
124161
1473985
7543
627603796320
77142870007
285859856640
70555231170
195830224128
943718
711970
335692
68792798294
520387714560
216295376944
466013112425
1805022
79450
556647
196628
124589
434327
467581153182
60600
285788
122819380711
689102
468131978754
106672421140
73972503626
188740347180
884787
403145
27724840370
1186876
252190
149744480863
629234
32235
1635606
483630006456
379153
775605722526
1234016
584197
512755
317771862969
520790997304
215055
30119864230
216452
144808
1239769
329172
645316581096
171757051581
62521
198892
406498007500
949371576848
6330
81973249887
148085
563159
325190
299294
167617778400
472424535214
316732817283
525416
55305855696
8055305496
18815
331829154800
456959723070
394676
1088679
361769
209023793472
894902
1111141
73173
765805407990
225847
1545627
262815
366955395132
1142692
160095985164
1531154
996368
443011243388
1463317
233178
113399827335
181427032952
20934
1040971
943749
10747629386
311944
153738425106
496894
732007
1711698
647932344576
653858197540
482587
26474068635
1124097
1322950
7963
1476784
101952
702541
4046
308667
62117
385543
627966
183260892045
189649585240
1593252
258060767365
740448
989813
765358
72011
105636551139
464261
261906
165392126480
985901
338984
659253324452
988558
520983
5773692170
1537959
980218
459634822234
1106555
98064153302
241693
1358762
86594144971
126305047680
491380078497
129365
505183
189387502330
1116538
455723
520287
661296
591591
473324488998
745577
149020686072
703932352864
759567
503129
526031
220863
715161
705920605800
974928
327020345114
11092837725
303136
692607
499030
1164456
396939
51936
1131367
862842
273434884272
204099452311
83820
204943772397
66377967162
132102288773
1853696
47046654960
185002363422
172523158731
360177
364333739380
344049
147135
209885
329212240070
452817
107731697080
1599326
421398297435
398215146000
1166559
271980
1727851
1075868
39668815800
12260893623
109487743296
1437688
315397322424
926020
778036
25155
1006928
1867
901550
1611833
805743
232363799317
201280613824
1721326
235930741018
103011
457619919812
1256650
453092481158
511915
1496231
30077
1655641
22725
430240619325
97051134510
615029111538
1079678
1218372
361281
683894
56393
1315394
3806
534894
181727
240276
846924
583274
456448
414510
246988
940255
922089
1498958
5883761700
701029
454250
656826
192041323980
24287
824395
49908851796
707899727160
179124
862150
364785074346
575702
140226
318626347437
578058772590
45389
18205
388727
159338
283970
719817
381364612528
132640
1565501
583919
208087619784
136621
1013655
296502
1362785
854617
409919
685573
202894
616272
87371562560
764475
22482524542
449138
74104568170
558165420850
416466
712322
56079262998
18024189660
315150
68151
1475478
1216717
864991
196931196864
9635
927637
74713021464
25737295360
113222
34438
861981
383653
104837202470
577747
480468806106
242275737284
738763741856
713177
175594
357344
1039939
210926552640
518209
208987
1218538
63754
583453
125536
675359
1414473
290869033077
122218
329890
844365
660098
48278751220
148907
131023774681
187518
412797
37349
229914096891
30094107990
487950
156685261845
649963
863680
165564
526904588668
1272775
892089
542566
1779859
17278068990
281059
497169
646521
455455
139480
45875511374
1156480
652326
277962361641
46126
301011
377697
218802822000
212660
315912893622
356616
597160
109377403554
292881476405
332746
1353820665
1593328
1111473
268301
537764024842
765281675312
88624
57445
18982055386
445595
15730
507994
443874
257422
81662523636
178339056792
448759589850
1141258
330569564040
65795300220
187427105004
962942
693587
1205290
342025
793892
382912
366489864180
1217527
685771166794
153908
1425427
413156908472
145111036338
1648115
758439
621201895626
631655
806168204028
306059
649994
582138017202
218173
435920190510
118644
225965622240
439636
488566553230
70452
230064821964
1554173
655675
82569
969559
695353
140475
31303262969
1012791
925992
1229868
947268
1171565
288704
57605815630
90718
710661
506679973825
720994
1002189
15328314606
1066503
260388
23391209400
455121
8118188500
726956
1757730
45084
977140
345978
724423
150579265184
800107
491042905272
3781
330906793940
63461819400
132234
990036
375332283220
588281
542216
92313
39016
704521
509429476694
1169467
158005070752
260786
124656591776
298994
1212924
834481
679807
640921
584601
318010
657020
1227486
155417
151229814752
292012
1114043
128307472958
272168527703
66394
209732784240
92437778826
1476525
12713
1924387
312048
711902746716
701254
1728749
1411533
754319
349122
1644484
1078140
323637663412
1850824
87080
348067718306
294726604730
471062
1706559
41424
76733
58229
1067698
774646957392
442554
426618613864
1242924
258371
275185
640525
614492
387961
381388
20517956691
624280
25160418228
1220774
1265710
45205
17033848250
49712769295
392854198930
179234093115
468132
28562867271
217167696106
561245830796
162136097955
29175
864126
236856316970
681471
391709392830
458595
949408
16154023687
81684745220
907759
1026915
227543434080
410334439296
1396899
333015159572
92353797200
1460717
273569
747240
349874
108031
17346
1673334
1024622
193213507242
59431307368
134940865170
570674919794
135326133888
149425
974271
97668679500
1441122
881563
1610191
481788261570
1750229
824503
931305
342993
1029136
1046406
184165816302
51078989072
148636236654
478183
68753161680
34153942548
45079452975
504621
27306210084
361669
1450800
331043
634046
47946978168
172547867415
1293704
559633
435042692310
607087
77205
400223215952
571284062671
382169656
132912540492
437090630
354086691980
13547959261
80968257304
835971
331805
1238763
2455249908
23263247304
50203614828
100448
334493616666
1762393
235037
207047449672
65294039032
981589
667390
256329246222
232043974530
877343
208310
728810952705
1366031
439220923814
343363810230
28807
841747993289
167308
562507727056
100605
145243283528
778934
839182
440854
9287703360
10587121805
151436
371177
590190465092
34840494630
287968559571
136402871072
457229
956339
15545
358231966830
1705906
1153680
210601
1007166
272740
1752088
16948537408
415011250335
1054640
73157
790083
135389395200
1351060
356363664375
1445339974
1381946
650826
135314616062
59271356232
8490889758
336349
849529
332133
296065
1151353
203190
419630
28467901660
203741977440
169525
1084399
1308533
40344255762
942367
1473362
1201034
114280349568
866750
570827
138728175732
332557
88197826208
632657
1512806
1707427
226760860314
287094662526
545709611863
1563307
114332
1773995
513272482716
10526
293468
1171644
110072
91888
387719
238285212371
1207637
552816
932855
207108990738
443523
68452860480
631570
22399443736
341040
71964775440
309517
1235703
308478
90278324318
1528490
63317
4837983444
7151488824
1484702
1452602
946775
10195
850000
165468
645306
50390
136300
154692921472
1046990
179719
1296409
1108082
300956953852
161351056727
66954
460384
164076
461496
228597137448
171194
707180
910819
254181
533684
393855511801
362656671660
1509083
16204918434
508759282224
104028174432
12553
45496170750
853324794592
1349761
478253
685120133896
2377
547335608264
406242
473669
469550
1331143
164558
1213503
1103271
184217815926
65079
282061481196
132931398258
1321736
22578
39451647688
69765339826
226743
1072039
259882
1343293
657318
524070
751542
168756
1884406
399429608193
435419
455951440000
1647464
1178973
383153
481811
112225
525121
731049
131777432802
43360776961
244086
442068
929922
506904
165776725485
477669
137893625782
909413
56049167529
1063233
143965194560
425213843472
609099
725505600
1165446
317653
46937318680
567269
902495
608995
296294
566292
452535
850005
378724120530
669937
1380984
1167814
538442
187342310115
523110284460
172378375416
46041
1131093
305937100000
411448
131860
510370623178
309862
103883497025
1753647
102694372150
399680
349760462348
962632
287908
194263232169
69757149814
593048
574777
400159
459206
254155
18720
16886
837529560061
1264821
14975960376
1671889
744216
22871
1131375
677845682085
388771192560
168004
1697945
526893
273709
165502338316
1311445
114761063856
95256
284863727184
1096648
446337982629
285022
60200
191461961288
479102
944931
664288685125
43432515392
707552
358077
650909
12074896625
542280
1036100
1085986
519829
877392921
23301871380
477894
354909
473366784996
362605
7579
1697028
495076
428794
19439717080
181064
1067639
1402459
770025
661709436760
175407
733027590272
36495144990
520667326880
594808733766
272653
199339
18785
407869944124
458727481576
143230087365
1037772
1517518
400386381480
532605
516750
481549
733748
365072614005
1076822
629664
1641985
1548649
427515977790
678225
38212181868
344078638418
429926
881429
85477
47848078936
554270
272948
1028547
73313452358
601259
127935
83468771382
264032
1242804
477929
107070874925
67820544803
91404
185305
1295262
579342
1261000
58714059470
1457737
33376
836187
1177254
628200825308
68180380224
418228257762
1529217
357453048491
1115811
1196318
206888451195
50413425300
31249497628
6073836675
148318600192
331111723236
5804
713085
259928
182114336320
584631
703982
616394
681768919430
128670931383
1036514
17587
556832
598761
646694
133943600820
229864
322716257040
926512
1069764
12109
427057
1356033
183956
1030625
938652
1536804
569251277028
1497397
382605
770228
234675507261
178795742026
915587
935443
645741231104
246224
77300063813
398387
716492
1129003
717303
214473498785
39172614072
1115143
714825
61883396668
640790
231764
42775163990
900199332042
29622041256
505891379308
484424
552727
775677
1085229
414892028205
712896
518925
552433
324835
1542604
314017
98434
273413041856
686749
12060
776757
336261923712
25229
169605
364201
1688708
621772
389580
1241952
1723
1150819
1227578
616817
398458
363708125230
76545779976
373247
368183
751183
1562916
207888356250
730915
1425093
43273887146
1725884
1473975
1508069
99984686710
1238590
1860606
323083
48897701136
54435
1484981
142723015920
158215370398
55187169384
184178813132
421681
1098648
144153414713
1237097
1168566
139634427744
556414380800
1321983
357790748928
1328982
23797
1415669
1152147
210356754216
633035
1701659
1226112
1136115
1873882
746008680707
250579
/* ========================= invalid operators ===================== */
196643 ? 492319
hi!
hi!
576239 ? 561227
375386 ? 887782
hi!
688873 ? 624129  
381791 ? 717903
247479 ? 657601
945401 ? 51855
hi!
70631 ? 375000
829607 ? 992997  
608693? 791274
58553    ? 839185
hi!
hi!
562352 ? 232876
hi!
107676 ? 923997
278455 ? 853619
771161 ? 702065
293263 ? 126880
569906 ? 27834
 971679 ? 459049
569505 ? 294434
953383 ? 883488
224551 ? 81925
 ? 775869
622816 ? 287527
289861 ? 196728
902140 ? 182932
493383 ? 231516
875052 ? 181236
719615 ? 955511
hi!
hi!
565808 ? 179671
991912 ? 938443
hi!
hi!
831245 ? 259017
781305 ? 802598
863523 ? 282983
alert('Please do not evaluate me! That could be dangerous!')
304018 ? 801898
826240 ? 844508
55501 ? 979506
hi!
695614 ? 489152
932277 ? 827516
hi!
hi!
832875 ? 274964
574456 ? 435588
100741 ? 736656
hi!
hi!
435596 ? 394169
725920 ? 634858
hi!
237607 ? 637086
832886? 36860
hi!
827384 ? 802754
913115 ? 595998
626639 ? 615576

/* ========================= invalid operands ===================== */
foo * 237387
268178 * 
569433 * 
foo - 688219
755280 * 
 + 69630
 * 853900
 - 344125
818012 * foo
foo * 700646
 * 440760
175672 * 
foo * 687986
     - 328626
 * 936745
192190 + 
978528 - 
 * 736069
80787 * foo
555202 + foo
foo +840654
603963 - foo
669231 * 
172095 - 
foo * 238610
771900 * 
* 403353
190746 - foo
foo * 790158
833008 -foo
337174 + foo
foo * 178877
581883 * foo
 * 200873
967937 - foo
477476 - 
foo - 743412
307059 + foo
32592 - foo
209031 - 
107701 - foo
foo - 554622
 +51544
746439 - 
 + 881597
foo +473924
175687 * 
194857 - 
643545 * 
20339 -
970500 * 
foo + 406177
654975 + 
foo + 946909
862964 +     
foo - 901942
 - 102591
 - 844159
 + 516027
335117 * foo
foo * 472947
595289 + 
446810 - 
795773 - 
 40626 + foo
 - 425373
907129 + 
574835 + 
 + 307315
503825 - foo
 * 444843
459585 + foo
 + 712979
 + 280159
605711 + 
309357 + 
844572 * 
538401 * 
foo + 793467
603393 + foo
709865 * foo
623305 - 
199138 - foo
646142 + foo
foo - 586344
 + 404589
254788 *foo
467167 + foo
foo + 747491
foo * 708560
412703 * foo
189292 * foo
 - 54073
310774 - foo
  * 109091
foo +    689533
foo + 37939
196230 + foo
 - 112014
foo * 241800
foo - 331078
 + 860241
foo + 387789
foo - 731223
* 717812
 * 529353
8020     - foo
foo * 270943
foo + 412775
 * 333993
foo + 961756
 -937316
756782 - foo
976781 *
242732 - foo
foo + 746561
880294 * foo
 - 171693
863630 - foo
44084 - 
595249 + 
596473 - 
foo + 62191
foo + 944835
44391 * 
foo * 858965
685147 * 
 * foo
37356 - 
25711 - 
foo + 650531
foo - 956347
- 312041
343985 - foo
foo + 49433
355767 - foo
927572 * 
foo - 138731
foo - 954342
foo - 402797
10768 * 
883467 * foo
943559 - foo
 + 283982
950509 *     
487795 + 
334141- 
201827 -     
 + 351645
foo * 701676
98347 + foo
* 840952
82779 + foo
939218 + 
949657 - 
326980 * foo
880032 *foo
foo - 750979
858341 - foo
481454 * 
952003 - foo
472522 *
912947 + foo
677378 * foo
441430 + foo
559407 * 
foo * 414855
foo * 341546
706884 *     foo
foo - 833996
 *416035
415337 - 
22210 - 
78014 * 
900368 * foo
952339 - 
260690 + foo
664956 + 
foo + 862090
731000 - 
 - 28242
122059 + 
343093 -     
783113 * 
362122 - 
foo + 720017
493619 - foo
969860 - 
 767340 * 
 + 803470
foo  - 957714
foo - 175927
255609 + 
365284 - foo
 + 134383
foo * 306287
 - 765603
foo * 777461
foo + 295372
548263 + 
foo - 209878
foo + 374310
 * 38563
foo * 828949
421636 * 
 - 550769
foo * 126894
 + 964533
 + 951935
281974 - foo
 - 566164
 + 498500
foo + 104130
800743 - foo
